-------------------|---------|----------|---------|---------|-------------------
File               | % Stmts | % Branch | % Funcs | % Lines | Uncovered Line #s 
-------------------|---------|----------|---------|---------|-------------------
All files          |   86.12 |     78.8 |   80.21 |   86.67 |                   
 components/v2     |     100 |       75 |     100 |     100 |                   
  ...gory-style.ts |     100 |       75 |     100 |     100 | 15                
  fonts.ts         |     100 |      100 |     100 |     100 |                   
  ui-v2-scope.tsx  |     100 |      100 |     100 |     100 |                   
 ...nents/v2/cover |   93.47 |    85.71 |   91.66 |   95.45 |                   
  cover-art.tsx    |     100 |    83.33 |     100 |     100 | 20,29-30          
  ...picker-v2.tsx |   90.62 |     87.5 |      90 |   93.54 | 37,122            
 ...2/expense-form |   90.06 |    79.63 |   84.84 |   89.53 |                   
  amount-card.tsx  |   66.66 |      100 |   66.66 |   66.66 | 34                
  ...ry-picker.tsx |     100 |       75 |     100 |     100 | 17                
  ...m-v2-view.tsx |   66.66 |    78.26 |    37.5 |    64.7 | 55-66,94-114      
  ...e-form-v2.tsx |   92.68 |    73.56 |   94.11 |   95.77 | 265-267           
  payer-picker.tsx |     100 |      100 |     100 |     100 |                   
  split-editor.tsx |   89.47 |    93.47 |   81.81 |   86.04 | ...35-153,165,219 
  ...t-summary.tsx |     100 |    91.66 |     100 |     100 | 20                
  ...ense-draft.ts |   90.27 |    77.22 |   87.27 |    89.1 | ...89,200-202,270 
 ...ts/v2/expenses |   25.75 |    37.64 |   33.33 |   28.33 |                   
  expense-card.tsx |     100 |    94.73 |     100 |     100 | 51                
  ...ilter-bar.tsx |       0 |        0 |       0 |       0 | 36-76             
  ...mary-card.tsx |     100 |      100 |     100 |     100 |                   
  ...s-v2-view.tsx |     100 |      100 |     100 |     100 |                   
  expenses-v2.tsx  |       0 |        0 |       0 |       0 | 19-155            
 ...ents/v2/layout |     100 |      100 |     100 |     100 |                   
  v2-top-bar.tsx   |     100 |      100 |     100 |     100 |                   
 ...nts/v2/members |   53.48 |     87.5 |   35.71 |    57.5 |                   
  ...s-v2-view.tsx |     100 |      100 |     100 |     100 |                   
  members-v2.tsx   |   35.48 |     37.5 |      10 |   39.28 | 21-38,59-76       
 ...v2/new-project |   81.81 |    67.85 |   63.63 |   84.37 |                   
  ...roject-v2.tsx |      80 |       90 |      60 |   82.75 | 46,81-90,117      
  ...view-card.tsx |     100 |    55.55 |     100 |     100 | 18-23,41          
 ...nts/v2/project |   80.48 |    67.12 |   75.75 |   83.78 |                   
  balance-card.tsx |     100 |     87.5 |     100 |     100 | 11                
  ...nge-field.tsx |      50 |    55.55 |      50 |      50 | 31,55-57          
  date-utils.ts    |     100 |      100 |     100 |     100 |                   
  feature-grid.tsx |   93.75 |     87.5 |     100 |     100 | 51                
  ...de-picker.tsx |     100 |      100 |     100 |     100 |                   
  ...w-v2-view.tsx |     100 |       50 |     100 |     100 | 25                
  ...erview-v2.tsx |      55 |    33.33 |    12.5 |   57.89 | 38,44-69          
  ...k-actions.tsx |     100 |      100 |     100 |     100 |                   
  ...-expenses.tsx |     100 |       90 |     100 |     100 | 50                
  ...mary-card.tsx |     100 |      100 |     100 |     100 |                   
 ...oject-settings |    79.5 |    64.36 |   61.29 |   81.81 |                   
  ...ect-sheet.tsx |      80 |       75 |     100 |     100 | 23-38             
  ...-rate-row.tsx |      50 |      100 |      50 |      50 | 27                
  ...s-v2-view.tsx |   57.14 |    81.25 |   33.33 |      55 | 57-108,124-155    
  ...ttings-v2.tsx |    85.1 |    57.37 |      80 |   88.09 | ...67-170,190,208 
 ...ts/v2/projects |    87.5 |    86.66 |    90.9 |   86.95 |                   
  cover-thumb.tsx  |     100 |      100 |     100 |     100 |                   
  ...s-v2-view.tsx |     100 |    92.85 |     100 |     100 | 93,151            
  projects-v2.tsx  |       0 |        0 |       0 |       0 | 10-13             
 .../quick-expense |   79.18 |     71.9 |      70 |   81.09 |                   
  camera-step.tsx  |    62.5 |     62.5 |   33.33 |   64.28 | 17-18,45-56       
  confirm-step.tsx |   64.51 |    69.56 |   76.92 |   66.66 | 49,60-66          
  ...xpense-v2.tsx |   97.18 |    83.87 |   92.85 |   96.82 | 92,124            
  ...nput-step.tsx |     100 |    88.88 |     100 |     100 | 18,56             
  ...item-card.tsx |   66.66 |    56.25 |      55 |   66.66 | ...,64-69,106-121 
  use-camera.ts    |   68.29 |       60 |   66.66 |   71.42 | 27-28,49-56       
 ...ts/v2/settings |      90 |    72.72 |   76.92 |      90 |                   
  ...ttings-v2.tsx |      90 |    72.72 |   76.92 |      90 | 136-147,222       
 ...ents/v2/settle |   81.66 |    68.96 |   65.38 |   81.48 |                   
  ...-balances.tsx |     100 |    91.66 |     100 |     100 | 21                
  ...mary-grid.tsx |     100 |      100 |     100 |     100 |                   
  ...e-v2-view.tsx |     100 |    81.25 |     100 |     100 | 29,63,67          
  settle-v2.tsx    |   63.15 |     40.9 |   16.66 |   66.66 | 45-63             
  ...ment-list.tsx |     100 |     87.5 |     100 |     100 | 78                
  sponsor-card.tsx |   33.33 |      100 |      20 |   33.33 | 24-35             
 ...nents/v2/stats |   94.64 |    65.62 |   94.73 |   93.87 |                   
  ...ory-donut.tsx |     100 |      100 |     100 |     100 |                   
  daily-trend.tsx  |     100 |       75 |     100 |     100 | 21-23             
  ...r-ranking.tsx |     100 |     87.5 |     100 |     100 | 14                
  ...s-v2-view.tsx |     100 |      100 |     100 |     100 |                   
  stats-v2.tsx     |   76.92 |    42.85 |   66.66 |      75 | 30-31,41          
 lib               |    96.5 |    94.29 |   98.33 |   97.03 |                   
  activity-log.ts  |     100 |      100 |     100 |     100 |                   
  ...middleware.ts |     100 |      100 |     100 |     100 |                   
  api-response.ts  |     100 |      100 |     100 |     100 |                   
  covers.ts        |   97.82 |      100 |     100 |   97.14 | 136               
  debug.ts         |     100 |      100 |     100 |     100 |                   
  ...se-changes.ts |   96.66 |    88.37 |     100 |     100 | 22-23,45,70,81    
  expense-list.ts  |     100 |      100 |     100 |     100 |                   
  expense-split.ts |   96.06 |    88.09 |     100 |   97.72 | 114,130           
  geolocation.ts   |       0 |        0 |       0 |       0 | 16-39             
  ...der-speech.ts |       0 |        0 |       0 |       0 |                   
  money-input.ts   |     100 |      100 |     100 |     100 |                   
  ...t-overview.ts |     100 |     91.3 |     100 |     100 | 86,111            
  project-stats.ts |     100 |       95 |     100 |     100 | 54                
  settlement.ts    |     100 |      100 |     100 |     100 |                   
  trip.ts          |     100 |      100 |     100 |     100 |                   
  ui-version.ts    |     100 |      100 |     100 |     100 |                   
  validators.ts    |     100 |      100 |     100 |     100 |                   
 lib/ads           |     100 |      100 |     100 |     100 |                   
  tracking.ts      |     100 |      100 |     100 |     100 |                   
 lib/ai            |   66.66 |    57.14 |   66.66 |   66.66 |                   
  deepseek.ts      |     100 |      100 |     100 |     100 |                   
  qwen.ts          |       0 |        0 |       0 |       0 | 14-20             
  ...ipt-parser.ts |     100 |      100 |     100 |     100 |                   
 lib/constants     |     100 |      100 |     100 |     100 |                   
  currencies.ts    |     100 |      100 |     100 |     100 |                   
  expenses.ts      |     100 |      100 |     100 |     100 |                   
  sponsor.ts       |     100 |      100 |     100 |     100 |                   
 lib/export        |     100 |      100 |     100 |     100 |                   
  types.ts         |     100 |      100 |     100 |     100 |                   
 lib/hooks         |   81.98 |    75.48 |   80.55 |   82.05 |                   
  ...eta-toggle.ts |     100 |      100 |     100 |     100 |                   
  ...references.ts |     100 |    83.33 |     100 |     100 | 20                
  ...oject-form.ts |     100 |      100 |     100 |     100 |                   
  useOnboarding.ts |       0 |        0 |       0 |       0 | 22-84             
  ...ctExpenses.ts |   81.96 |    70.58 |   85.71 |   81.48 | ...16-118,138-140 
  ...ectMembers.ts |   82.75 |     61.9 |     100 |   85.18 | ...-94,99-100,118 
  ...ctOverview.ts |   95.34 |    84.61 |     100 |   95.12 | 45,74             
  useProjects.ts   |    87.5 |      100 |      75 |   93.33 | 57                
  ...aveExpense.ts |   82.35 |       74 |    37.5 |   85.71 | ...31-132,150-151 
  useSettlement.ts |   94.44 |    85.71 |     100 |   94.11 | 68-69             
  useUiVersion.ts  |     100 |      100 |     100 |     100 |                   
 lib/quick-expense |   98.44 |    87.23 |   89.65 |     100 |                   
  draft.ts         |     100 |      100 |     100 |     100 |                   
  parse.ts         |     100 |    93.75 |     100 |     100 | 27                
  speech-input.ts  |   97.91 |    84.61 |   85.71 |     100 | 40-46,58          
  ...quick-save.ts |   97.43 |    80.76 |      75 |     100 | 23,51,67,76-77    
-------------------|---------|----------|---------|---------|-------------------
